-815908557
1441300464
-393930853
-889951708
1388416926
-1290113642
916106138
-1681149960
-167303646
282637622
563526567
541444577
774940200
-1149631819
-1664199775
-710929699
-1676120377
1905737594
754166701
1045000214
-1958909338
-798521709
-1657511012
-1650046746
-1754385873
-19623583
-450583439
758020193
1702714554
1449458090
1645145276
736344169
-1755295166
-1021918131
-833521705
-509561661
1300453249
-342544102
-551230904
1978683550
-525358728
1742191202
-504710134
723540383
1028180674
544182797
-355436783
-1858186290
1256383822
916125588
-478785018
-973083499
1815507549
-1954642980
1602113035
1166771275
276439387
-1145534131
185560775
-562357721
774183134
-1956872488
1756047638
-903827768
404701256
275870508
-210113909
226910622
1747406330
2014230361
19394523
1492319718
-1003657076
-383472521
-1151388075
1057260683
-1608388700
1312037605
2135703917
1748053536
2094027555
-270878851
732724537
-1225095123
234638875
-1216102957
456794147
1129412763
1611927470
1233096895
158408275
-437908592
-1429019686
33329650
-747563932
-48648140
2052413339
-761946227
1878799951
1648610362